-7.420468, -0.479102, 1.642604
-3.229776, -0.479103, 1.961513
-0.700951, -0.427309, 0.274141
1.987861, -0.003050, 63.399772
2.528219, 0.988208, 88.787723
2.813623, 2.716072, 88.990607
2.947837, 4.951663, 90.572755
2.611183, 7.380951, 124.159347
1.637353, 8.622481, -179.718718
-0.210128, 9.038655, 179.462639
-6.539430, 9.092349, -179.233650
-13.416871, 9.081162, -178.267970
-16.967457, 8.840653, -176.968984
-20.074707, 8.643011, -133.899574
-21.200613, 7.803204, -88.252059
-21.207663, 5.372123, -85.716053
-21.017088, 1.948194, -87.333928
-19.956509, -0.269680, 0.766842
-16.215275, -0.706458, 0.823687
-11.118366, -0.701954, 1.729602
